267.325
223.811
126.93
117.992
118.286
112.072
109.038
120.778
113.399
188.92
188.82
135.426
100.898
122.938
142.335
205.656
207.282
191.304
171.655
138.221
128.487
112.007
123.77
112.97
124.122
119.161
150.805
112.779
127.322
146.055
174.449
130.143
182.152
125.67
123.284
120.608
155.938
131.837
166.297
139.776
121.787
112.367
120.384
126.925
122.034
96.028
103.691
118.522
112.082
95.358
113.154
113.372
92.365
104.221
121.608
128.751
163.156
93.763
126.203
109.167
92.248
102.463
118.981
94.898
94.5
104.033
87.248
98.192