262.325
218.811
121.93
112.992
113.286
107.072
104.038
115.778
108.399
183.92
183.82
130.426
95.898
117.938
137.335
200.656
202.282
186.304
166.655
133.221
123.487
107.007
118.77
107.97
119.122
114.161
145.805
107.779
122.322
141.055
169.449
125.143
177.152
120.67
118.284
115.608
150.938
126.837
161.297
134.776
116.787
107.367
115.384
121.925
117.034
91.028
98.691
113.522
107.082
90.358
108.154
108.372
87.365
99.221
116.608
123.751
158.156
88.763
121.203
104.167
87.248
97.463
113.981
94.799
120.67
106.731