203.4165
212.6195
169.575
150.1575
120.442
182.2655
135.8965
122.3845
117.914
151.4875
156.504
119.8715
110.291
111.8075
126.423
153.187
166.619
141.713
129.1415
133.7105
119.7105
104.2855
105.1905
96.5205
101.101
99.529
154.126
152.6335
140.3125
124.515
135.597
127.9985
104.9695
98.764
108.773
114.7555
110.3015
109.0425
131.0825
100.229
90.1005
100.4575
99.2845
97.026
99.831
98.503
102.0255
87.72
94.14
97.9995
105.482
105.6145
95.882
86.381
92.48
93.5975
105.6705
90.7625
86.829
80.761
82.814
91.117
89.8675
87.989